subject,predicate,object,fe_id
Kalyp Allen Rapoza,place of death,Hilo,17748
Kalyp Allen Rapoza,place of death,Hilo,17748
Kalyp Allen Rapoza,place of death,Hilo,17748
Kalyp Allen Rapoza,place of death,Hilo,17748
Kalyp Allen Rapoza,place of death,Hilo,17748
